   0.00,  30.00,  60.00,  90.00, 120.00, 150.00, 180.00, 210.00, 240.00, 270.00, 300.00, 330.00, 360.00,
   0.50,   7.00,  15.00,  30.00,  45.00,  60.00,  75.00,  85.00,
.38900
.40100
.41400
.43300
.44500
.43600
.35600
.21400
.38900
.39900
.40900
.42500
.43600
.42700
.34800
.21400
.38900
.39300
.39700
.40300
.40700
.39500
.31500
.20200
.38800
.38600
.38000
.37200
.36500
.34500
.27700
.18600
.38800
.37900
.36500
.34200
.32000
.29100
.22400
.15300
.38700
.37400
.35500
.32000
.28500
.24600
.18200
.12800
.38700
.37300
.35100
.31100
.27100
.22700
.16900
.11600
.38700
.37400
.35500
.32000
.28500
.24600
.18200
.12800
.38800
.37900
.36500
.34200
.32100
.29200
.22600
.15700
.38800
.38600
.38000
.37200
.36600
.34700
.28000
.19000
.38900
.39300
.39700
.40300
.40800
.39700
.32000
.20800
.38900
.39900
.40900
.42500
.43600
.42900
.35300
.22100
.38900
.40100
.41400
.43300
.44500
.43600
.35600
.21400
.38900
.39900
.40900
.42500
