   0.00,  30.00,  60.00,  90.00, 120.00, 150.00, 180.00, 210.00, 240.00, 270.00, 300.00, 330.00, 360.00,
   0.50,   7.00,  15.00,  30.00,  45.00,  60.00,  75.00,  85.00,
.61100
.61000
.60400
.59300
.58200
.55100
.43400
.26500
.61100
.61000
.60300
.59200
.58000
.54900
.43000
.26100
.61100
.60900
.60200
.59000
.57600
.54300
.42600
.25800
.61100
.60800
.60000
.58600
.57000
.53600
.42000
.25500
.61100
.60700
.59800
.58300
.56600
.53000
.41100
.24400
.61100
.60700
.59700
.58000
.56300
.52600
.40500
.24200
.61100
.60700
.59700
.58000
.56200
.52600
.40600
.24600
.61100
.60700
.59700
.58000
.56300
.52800
.40800
.24600
.61100
.60700
.59800
.58300
.56600
.53100
.41400
.24800
.61100
.60800
.60000
.58600
.57100
.53700
.42300
.25900
.61100
.60900
.60200
.59000
.57600
.54400
.42900
.26300
.61100
.61000
.60300
.59200
.58000
.55000
.43300
.26500
.61100
.61000
.60400
.59300
.58200
.55100
.43400
.26500
.61100
.61000
.60300
.59200
