1
1
5.75
545
1
0.0506
-0.1763
1
0.99
0.98
0.935
0.95
0.99
2.11
100
8.33333
12
1
1
1
5
470.3
1
0.0506
-0.1763
1
0.994
0.98
0.935
0.95
0.99
1.8
100
8.33333
12
1
1
1
5
470.3
1
0.0506
-0.1763
1
0.994
0.98
0.935
0.95
0.99
1.8
100
8.33333
12
1
1
1
5
470.3
1
0.0506
-0.1763
1
0.994
0.98
0.935
0.95
0.99
1.8
100
8.33333
12
1
0.985
0.066
0.07
0.115
0.12
0
1
4.5e-005
0.02
&9
100	0.064
150	0.0665
200	0.07
250	0.0745
300	0.08
350	0.0865
400	0.094
450	0.1025
500	0.112
0.96
0.963
0.86
0.86
1
0.0001
27
1
0.96
0.98
150
0.01
0.066
0.07
0.115
0.12
0
1
4.5e-005
0.02
0.65
0.96
0.963
0.86
0.86
1
750
1
1
0.96
0.98
1100
0.005
0.066
0.07
0.115
0.12
0
1
4.5e-005
0
0.65
0.8
1
1
1
0
750
1
1
0.96
1
1500
0
0.066
0.07
0.115
0.12
0
1
4.5e-005
0
0
0
0
0
0
1
0
27
1
0.963
0.98
0
1
0.066
0.07
0.109
0.115
0
1
4.57e-005
0.02
0.1384
0.95
0.963
0.86
0.86
1
0.0001
27
1
0.963
0.98
250
0
0.066
0.07
0.109
0.115
0
1
4.57e-005
0
0
0
0
0
0
1
0
27
1
0.963
0.98
0
0
0.066
0.07
0.109
0.115
0
1
4.57e-005
0
0
0
0
0
0
1
0
27
1
0.963
0.98
0
0
0.066
0.07
0.109
0.115
0
1
4.57e-005
0
0
0
0
0
0
1
0
27
1
0.963
0.98
0
1
0.066
0.07
0.109
0.115
0
1
4.57e-005
0.02
0.1384
0.95
0.963
0.86
0.86
1
0.0001
27
1
0.963
0.98
250
0
0.066
0.07
0.109
0.115
0
1
4.57e-005
0
0
0
0
0
0
1
0
27
1
0.963
0.98
0
0
0.066
0.07
0.109
0.115
0
1
4.57e-005
0
0
0
0
0
0
1
0
27
1
0.963
0.98
0
0
0.066
0.07
0.109
0.115
0
1
4.57e-005
0
0
0
0
0
0
1
0
27
1
0.963
0.98
0
1
0.066
0.07
0.109
0.115
0
1
4.57e-005
0.02
0.1384
0.95
0.963
0.86
0.86
1
0.0001
27
1
0.963
0.98
250
0
0.066
0.07
0.109
0.115
0
1
4.57e-005
0
0
0
0
0
0
1
0
27
1
0.963
0.98
0
0
0.066
0.07
0.109
0.115
0
1
4.57e-005
0
0
0
0
0
0
1
0
27
1
0.963
0.98
0
0
0.066
0.07
0.109
0.115
0
1
4.57e-005
0
0
0
0
0
0
1
0
27
1
0.963
0.98
0
1
1
8
1
1
7
1
1
6
1
1
5
1
1
4
1
1
3
1
1
2
1
1
1
