   0.00,  30.00,  60.00,  90.00, 120.00, 150.00, 180.00, 210.00, 240.00, 270.00, 300.00, 330.00, 360.00,
   0.50,   7.00,  15.00,  30.00,  45.00,  60.00,  75.00,  85.00,
.59300
.59200
.58500
.57500
.56300
.53100
.41600
.25100
.59300
.59100
.58500
.57400
.56100
.52900
.41400
.25000
.59300
.59100
.58400
.57200
.55800
.52400
.41000
.24800
.59300
.59000
.58200
.56900
.55300
.51800
.40400
.24200
.59300
.59000
.58100
.56600
.54900
.51400
.39800
.23700
.59300
.58900
.58000
.56400
.54700
.51100
.39200
.23300
.59300
.58900
.57900
.56300
.54600
.51100
.39300
.23500
.59300
.58900
.58000
.56400
.54700
.51200
.39400
.23600
.59300
.59000
.58100
.56600
.54900
.51500
.40000
.24000
.59300
.59000
.58200
.56900
.55300
.52000
.40600
.24500
.59300
.59100
.58400
.57200
.55800
.52500
.41300
.25100
.59300
.59100
.58500
.57400
.56100
.53000
.41700
.25400
.59300
.59200
.58500
.57500
.56300
.53100
.41600
.25100
.59300
.59100
.58500
.57400
