513.6
44.8
1
0.9896
0.044
-0.0721
-0.2327
0
1.0031
-0.2259
0.5368
-1.6434
0.7222
1
0.724
0.935
0.95
1
1
0
0.672
0.002556
0
0
1
0
0
0
0
0.066
0.07
0.115
0.12
0
4.5e-005
1
1
0.985
0.96
&11
0	0.064
100	0.064
150	0.0665
200	0.07
250	0.0745
300	0.08
350	0.0865
400	0.094
450	0.1025
500	0.112
700	0.113
0.02
0.86
0.963
1
27
0.0001
150
0.96
0.98
0.01
0.96
0.65
0.02
0.86
0.963
1
1
750
1100
0.96
0.98
0.005
0.8
0.65
0
1
1
0
1
750
1500
0.96
1
0
0
0.1384
0
0
0
1
1
0
0
0
0
513.6
44.8
1
0.9896
0.044
-0.0721
-0.2327
0
1.0031
-0.2259
0.5368
-1.6434
0.7222
1
0.724
0.935
0.95
1
1
0
0.672
0.002556
0
0
1
0
0
0
0
0.066
0.07
0.115
0.12
0
4.5e-005
1
1
0.985
0.96
0.1384
0.02
0.86
0.963
1
27
0.0001
150
0.96
0.98
0.01
0.96
0.65
0.02
0.86
0.963
1
1
750
1100
0.96
0.98
0.005
0.8
0.65
0
1
1
0
1
750
1500
0.96
1
0
0
0.1384
0
0
0
1
1
0
0
0
0