   0.00,  30.00,  60.00,  90.00, 120.00, 150.00, 180.00, 210.00, 240.00, 270.00, 300.00, 330.00, 360.00,
   0.50,   7.00,  15.00,  30.00,  45.00,  60.00,  75.00,  85.00,
.57500
.59400
.61200
.64100
.66000
.64400
.51800
.30600
.57500
.59000
.60500
.62900
.64500
.63000
.51000
.31300
.57500
.58200
.58700
.59700
.60300
.58300
.46000
.29400
.57400
.57100
.56200
.55100
.54100
.51000
.40500
.26700
.57300
.56000
.54000
.50500
.47300
.42900
.32800
.22200
.57300
.55300
.52400
.47100
.42000
.36200
.26900
.18800
.57200
.55100
.51800
.45900
.40000
.33300
.24600
.16700
.57300
.55300
.52400
.47100
.42000
.36200
.26900
.18800
.57300
.56000
.54000
.50500
.47400
.43200
.33300
.22700
.57400
.57100
.56200
.55100
.54200
.51300
.41000
.27200
.57500
.58200
.58700
.59700
.60400
.58700
.46800
.30300
.57500
.59000
.60500
.62900
.64600
.63400
.51800
.32300
.57500
.59400
.61200
.64100
.66000
.64400
.51800
.30600
.57500
.59000
.60500
.62900
