   0.00,  30.00,  60.00,  90.00, 120.00, 150.00, 180.00, 210.00, 240.00, 270.00, 300.00, 330.00, 360.00,
   0.50,   7.00,  15.00,  30.00,  45.00,  60.00,  75.00,  85.00,
.65000
.66500
.67800
.69800
.70900
.67000
.47900
.21500
.65000
.66200
.67200
.68800
.69600
.65500
.46800
.21300
.64900
.65500
.65700
.66100
.65800
.61800
.43700
.21300
.64900
.64500
.63600
.62200
.60500
.55300
.39700
.20100
.64800
.63700
.61700
.58500
.54800
.48900
.34800
.18000
.64700
.63100
.60400
.55800
.50700
.43600
.30100
.16300
.64700
.62900
.59900
.54800
.49300
.42000
.30300
.18200
.64700
.63100
.60400
.55800
.50800
.43800
.30200
.16400
.64800
.63700
.61700
.58500
.55000
.49000
.34900
.18100
.64900
.64500
.63600
.62200
.60600
.55700
.40000
.20500
.64900
.65500
.65700
.66100
.65900
.62200
.44600
.22200
.65000
.66200
.67200
.68800
.69700
.65900
.47800
.22400
.65000
.66500
.67800
.69800
.70900
.67000
.47900
.21500
.65000
.66200
.67200
.68800
